Ixtal_0,5,nidalee_neeko_qiyana,11a11n11a11e00-11y11q11l11e00-11i11a11e11e00-11d11n11k11n00-00-11i00-11o00-
